0.703771	-3.200232	0.085000	0.116000	1.000000
0.373893	-2.900153	0.085000	0.116000	1.000000
0.325708	-2.556304	0.085000	0.116000	1.000000
0.348566	-2.232299	0.085000	0.116000	1.000000
0.383468	-1.883283	0.085000	0.116000	1.000000
0.417753	-1.501379	0.085000	0.116000	1.000000
0.468718	-1.154271	0.085000	0.116000	1.000000
0.475513	-0.835159	0.085000	0.116000	1.000000
0.342080	-0.233357	0.085000	0.116000	1.000000
0.532346	-0.512241	0.085000	0.116000	1.000000
-0.756589	-0.484519	0.085000	0.116000	1.000000
-0.459451	-0.242331	0.085000	0.116000	1.000000
0.052045	-0.026230	0.085000	0.116000	1.000000
0.172815	0.266246	0.085000	0.116000	1.000000
-0.166946	0.556540	0.085000	0.116000	1.000000
0.340226	0.579105	0.085000	0.116000	1.000000
0.639526	0.879194	0.085000	0.116000	1.000000
0.737748	1.219501	0.085000	0.116000	1.000000
0.756589	1.520676	0.085000	0.116000	1.000000
0.726628	1.881375	0.085000	0.116000	1.000000
0.732188	2.184723	0.085000	0.116000	1.000000
0.751956	2.505743	0.085000	0.116000	1.000000
0.578677	2.877588	0.085000	0.116000	1.000000
0.673811	3.200232	0.085000	0.116000	1.000000
