11.988848	6604.562093	0.399584	351.777939
11.558340	6491.915194	0.460716	376.990205
12.385141	6656.169563	0.356405	334.850919
13.411141	6699.532603	0.272220	299.887093
13.367991	6699.305633	0.275241	301.266557
13.506782	6700.000000	0.265593	296.774523
13.362639	6699.277481	0.275615	301.435111
13.654203	6700.000000	0.256748	293.187589
12.168235	6628.748231	0.379831	344.469883
13.334632	6699.130162	0.277576	302.308054
10.575252	5930.722565	0.592184	405.643115
10.163359	5594.031454	0.620565	392.615845
10.468812	5852.181559	0.599183	402.217058
12.998625	6697.296625	0.301118	311.629100
11.025465	6238.063078	0.560111	417.036280
11.761085	6544.965398	0.431926	365.940245
10.423171	5813.608711	0.602378	400.843588
11.739075	6539.206445	0.435051	367.209871
12.968287	6695.677787	0.303727	312.863704
12.855409	6689.654632	0.313435	317.267168
14.084345	6700.000000	0.231783	281.618060
13.215368	6698.502837	0.285924	305.854998
11.980217	6602.303592	0.400809	352.349066
12.042548	6612.858902	0.393405	349.447987
