10.000000	5455.970000	0.632000	387.100000
10.000000	5455.970000	0.632000	387.100000
10.000000	5455.970000	0.632000	387.100000
10.000000	5455.970000	0.632000	387.100000
10.000000	5455.970000	0.632000	387.100000
10.000000	5455.970000	0.632000	387.100000
10.000000	5455.970000	0.632000	387.100000
10.000000	5455.970000	0.632000	387.100000
10.000000	5455.970000	0.632000	387.100000
10.000000	5455.970000	0.632000	387.100000
10.000000	5455.970000	0.632000	387.100000
10.000000	5455.970000	0.632000	387.100000
10.000000	5455.970000	0.632000	387.100000
10.000000	5455.970000	0.632000	387.100000
10.000000	5455.970000	0.632000	387.100000
10.000000	5455.970000	0.632000	387.100000
10.000000	5455.970000	0.632000	387.100000
10.000000	5455.970000	0.632000	387.100000
10.000000	5455.970000	0.632000	387.100000
10.000000	5455.970000	0.632000	387.100000
10.000000	5455.970000	0.632000	387.100000
10.000000	5455.970000	0.632000	387.100000
10.000000	5455.970000	0.632000	387.100000
10.000000	5455.970000	0.632000	387.100000
