780.000000	78	10.000000
1430.000000	143	10.000000
1030.000000	103	10.000000
810.000000	81	10.000000
1000.000000	100	10.000000
1070.000000	107	10.000000
1340.000000	134	10.000000
1280.000000	128	10.000000
1040.000000	104	10.000000
1050.000000	105	10.000000
1360.000000	136	10.000000
1680.000000	168	10.000000
1450.000000	145	10.000000
1000.000000	100	10.000000
900.000000	90	10.000000
1710.000000	171	10.000000
1700.000000	170	10.000000
1740.000000	174	10.000000
1140.000000	114	10.000000
1270.000000	127	10.000000
660.000000	66	10.000000
1110.000000	111	10.000000
1230.000000	123	10.000000
1650.000000	165	10.000000
