935.130181	78	11.988848
1652.842593	143	11.558340
1275.669554	103	12.385141
1086.302442	81	13.411141
1336.799102	100	13.367991
1445.225718	107	13.506782
1790.593634	134	13.362639
1747.737939	128	13.654203
1265.496409	104	12.168235
1400.136318	105	13.334632
1438.234236	136	10.575252
1707.444357	168	10.163359
1517.977703	145	10.468812
1299.862491	100	12.998625
992.291812	90	11.025465
2011.145468	171	11.761085
1771.939064	170	10.423171
2042.599104	174	11.739075
1478.384703	114	12.968287
1632.636962	127	12.855409
929.566793	66	14.084345
1466.905874	111	13.215368
1473.566697	123	11.980217
1987.020399	165	12.042548
